list of variables to be calibrated:
    name kpds(5) kpds(6) kpds(7)
001 t02m 11      105     2
002 t02m 11      105     2
003 rh2m 52      105     2
004 q02m 51      105     2
005 u010 33      105     10
006 v010 34      105     10
007 mslp 2       102     0
008 t300 11      100     300
009 t500 11      100     500
010 t700 11      100     700
011 t850 11      100     850
012 z250 7       100     250
013 z300 7       100     300
014 z500 7       100     500
015 z700 7       100     700
016 z850 7       100     850
017 z01k 7       100     1000
018 u250 33      100     250
019 u300 33      100     300
020 u500 33      100     500
021 u700 33      100     700
022 u850 33      100     850
023 u01k 33      100     1000
024 v250 34      100     250
025 v300 34      100     300
026 v500 34      100     500
027 v700 34      100     700
028 v850 34      100     850
029 v01k 34      100     1000
030 rh30 52      100     300
031 rh50 52      100     500
032 rh70 52      100     700
033 rh85 52      100     850
